                            FLUJO DE POTENCIA 



      De los generadores
Generador     E norm           Eanlge           Inorm          Iangle          Pintg          Qintg 
    1         1.173398         31.617817        1.203583       -0.003566        1.200000        0.744673        
    2         1.151561         32.280382        1.200602       0.043665        1.200000        0.686651        
    3         1.252072         22.171154        8.865652       -0.325544        8.400000        7.256691        
    4         1.175612         31.532401        1.204023       -0.008670        1.200000        0.750692        



      De los nudos 
Nudo      U norm         U angle        Pg              Qg 
 1        1.000000       4.217672       1.200000        0.092798        
 2        1.000000       4.315612       1.200000        0.038001        
 3        1.000000       0.000000       2.400000        0.235453        
 4        0.997686       -1.579850       -2.000000        -0.100000        
 5        0.999564       -2.325598       -2.000000        -0.100000        
 6        1.000000       4.188194       1.200000        0.098340        
 7        0.997748       -3.103016       -2.000000        -0.100000        


      De las líneas 
Linea      Nudo_inic     Nudo_fin       Inorm        Iangle          Pperd         Qperd 
  1         1              2            0.085468     -175.733358     0.000000      0.000000 
  2         2              3            1.004051     2.157806     0.000000      0.000000 
  3         3              4            1.381893     -5.593042     0.000000      0.000000 
  4         1              4            1.263151     0.008232     0.000000      0.000000 
  5         3              5            2.029002     -1.778350     0.000000      0.000000 
  6         6              1            0.025725     -175.797067     0.000000      0.000000 
  7         6              2            0.111193     -175.748097     0.000000      0.000000 
  8         6              4            1.340520     -0.013215     0.000000      0.000000 
  9         7              5            0.683565     169.652576     0.000000      0.000000 
  10         4              5            0.656639     6.270159     0.000000      0.000000 
  11         4              7            1.326143     -2.206746     0.000000      0.000000 
